-6.683731079101562500e+02
9.619662475585937500e+01
-1.996729278564453125e+01
2.068664932250976562e+01
-2.274266481399536133e+00
1.990494370460510254e+00
3.639136552810668945e+00
7.834185957908630371e-01
8.453043937683105469e+00
5.423133969306945801e-01
1.369256896972656250e+02
5.852246475219726562e+01
2.941782760620117188e+01
2.375606918334960938e+01
1.235826301574707031e+01
8.751739501953125000e+00
5.364491939544677734e+00
8.625356674194335938e+00
1.282714748382568359e+01
7.889412879943847656e+00
